%%%%% test data:
array:0 talk.politics.guns talk.politics.guns 0.8012231336074498904514128516 talk.politics.misc 0.1410485319170777095740468823 talk.politics.mideast 0.05772833447547239997454026610
array:1 talk.politics.guns talk.politics.guns 0.9476367968362069409337521235 talk.politics.mideast 0.04171586016716734468093087611 talk.politics.misc 0.01064734299662571438531700055
array:2 talk.politics.guns talk.politics.guns 0.6679607813467859193727078821 talk.politics.misc 0.2916839969819555692686018931 talk.politics.mideast 0.04035522167125851135869022474
array:3 talk.politics.guns talk.politics.guns 0.9999920064220462696104543472 talk.politics.misc 0.000007948256922640796177653642532 talk.politics.mideast 4.532103108959336799901670235E-8
array:4 talk.politics.guns talk.politics.guns 0.9999924916709636578311029438 talk.politics.misc 0.000007465127397324243273297815499 talk.politics.mideast 4.320163901792562375830272295E-8
array:5 talk.politics.guns talk.politics.misc 0.5970658069343489418870113333 talk.politics.guns 0.3967892759080103251694712813 talk.politics.mideast 0.006144917157640732943517385394
array:6 talk.politics.guns talk.politics.misc 0.5433302781701528296339437082 talk.politics.guns 0.3458050366010889904985030704 talk.politics.mideast 0.1108646852287581798675532216
array:7 talk.politics.guns talk.politics.guns 0.6604922367599345302628761592 talk.politics.misc 0.2570492982456113942700150793 talk.politics.mideast 0.08245846499445407546710876147
array:8 talk.politics.guns talk.politics.guns 0.8256270364450769107826120255 talk.politics.misc 0.1741790698733304520371041170 talk.politics.mideast 0.0001938936815926371802838575782
array:9 talk.politics.guns talk.politics.guns 0.6897976019447036933269949258 talk.politics.misc 0.3101863921893865713140774748 talk.politics.mideast 0.00001600586590973535892759949959
array:10 talk.politics.guns talk.politics.guns 0.9945934553758707976300253710 talk.politics.misc 0.004533531256672729683910098262 talk.politics.mideast 0.0008730133674564726860645307706
array:11 talk.politics.guns talk.politics.guns 0.9871167264065866948870265426 talk.politics.misc 0.007422909129423353268738177820 talk.politics.mideast 0.005460364463989951844235279605
array:12 talk.politics.guns talk.politics.guns 0.9999754678830602294325262105 talk.politics.misc 0.00002450692347748084626650349525 talk.politics.mideast 2.519346228972120728654994298E-8
array:13 talk.politics.guns talk.politics.guns 0.9990194479815742477649614761 talk.politics.mideast 0.0006935170100458466856038806937 talk.politics.misc 0.0002870350083799055494346429514
array:14 talk.politics.guns talk.politics.guns 0.7175284031974231747924406247 talk.politics.misc 0.2154691331416785158054549161 talk.politics.mideast 0.06700246366089830940210445931
array:15 talk.politics.guns talk.politics.guns 0.9963243216317796618822306000 talk.politics.mideast 0.003368853675854848339048249926 talk.politics.misc 0.0003068246923654897787211500240
array:16 talk.politics.guns talk.politics.guns 0.9685277133399908737516109313 talk.politics.misc 0.02595649104838858192391493029 talk.politics.mideast 0.005515795611620544324474138313
array:17 talk.politics.guns talk.politics.guns 0.9999969027990464892566540581 talk.politics.misc 0.000003005564805518736238972567649 talk.politics.mideast 9.163614799200710696920031867E-8
array:18 talk.politics.guns talk.politics.guns 0.8236122649473944189382003471 talk.politics.mideast 0.1086541896372909172577989582 talk.politics.misc 0.06773354541531466380400069472
array:19 talk.politics.guns talk.politics.guns 0.9921320370240741006034426636 talk.politics.misc 0.007839771800982059358371049729 talk.politics.mideast 0.00002819117494384003818628657467
array:20 talk.politics.guns talk.politics.guns 0.7571733887694592520096306539 talk.politics.misc 0.2368512829862173819449335532 talk.politics.mideast 0.005975328244323366045435792836
array:21 talk.politics.guns talk.politics.misc 0.5769227068747947087766205919 talk.politics.guns 0.3694220281584984035696779788 talk.politics.mideast 0.05365526496670688765370142925
array:22 talk.politics.guns talk.politics.guns 0.9346854472400442222802616097 talk.politics.misc 0.06525964893918947975097735824 talk.politics.mideast 0.00005490382076629796876103209053
array:23 talk.politics.guns talk.politics.guns 0.8583945143590187757566615655 talk.politics.mideast 0.1245271201137518516414264964 talk.politics.misc 0.01707836552722937260191193803
array:24 talk.politics.guns talk.politics.guns 0.8900864744475187986653436164 talk.politics.mideast 0.05565077547228121337381710120 talk.politics.misc 0.05426275008019998796083928252
array:25 talk.politics.guns talk.politics.guns 0.8691234908064963916278494117 talk.politics.misc 0.1304447529301537714245942531 talk.politics.mideast 0.0004317562633498369475563353402
array:26 talk.politics.guns talk.politics.guns 0.9783168540320000186647000299 talk.politics.misc 0.02118911772728457262170819678 talk.politics.mideast 0.0004940282407154087135917734484
array:27 talk.politics.guns talk.politics.guns 0.8579625855528593754421104929 talk.politics.misc 0.1176542169782354237780022698 talk.politics.mideast 0.02438319746890520077988723731
array:28 talk.politics.guns talk.politics.guns 0.9868080728273671837203922398 talk.politics.misc 0.01311168114283662420240141131 talk.politics.mideast 0.00008024602979619207720634899591
array:29 talk.politics.guns talk.politics.guns 0.9365799929396047225699104572 talk.politics.misc 0.06341931897298456185248528048 talk.politics.mideast 6.880874107155776042624577386E-7
array:30 talk.politics.guns talk.politics.guns 0.9892395434713256622065763902 talk.politics.misc 0.007781218409398030786871557887 talk.politics.mideast 0.002979238119276307006552052009
array:31 talk.politics.guns talk.politics.guns 0.7974185012267762214652229475 talk.politics.misc 0.1705430554080339431672022324 talk.politics.mideast 0.03203844336518983536757482017
array:32 talk.politics.guns talk.politics.guns 0.6255757625165530017000101956 talk.politics.misc 0.3558635576288137463407370612 talk.politics.mideast 0.01856067985463325195925274320
array:33 talk.politics.guns talk.politics.guns 0.9993045721885610505270219522 talk.politics.misc 0.0006937827789329933299211941635 talk.politics.mideast 0.000001645032505956143056853564313
array:34 talk.politics.guns talk.politics.guns 0.8362364741013288916511551574 talk.politics.misc 0.1491054133204631714621921108 talk.politics.mideast 0.01465811257820793688665273177
array:35 talk.politics.guns talk.politics.guns 0.9844250925442780610392532339 talk.politics.misc 0.01038692288403857861122092991 talk.politics.mideast 0.005187984571683360349525836093
array:36 talk.politics.guns talk.politics.guns 0.9998231515652752555474425443 talk.politics.misc 0.0001761491705242589864070824812 talk.politics.mideast 6.992642004854661503731283047E-7
array:37 talk.politics.guns talk.politics.guns 0.9998770752865498275227429971 talk.politics.misc 0.00009146837369715556573401228505 talk.politics.mideast 0.00003145633975301691152299056828
array:38 talk.politics.guns talk.politics.guns 0.4317688554784084893966619619 talk.politics.misc 0.2987311737738756342314942737 talk.politics.mideast 0.2694999707477158763718437643
array:39 talk.politics.guns talk.politics.guns 0.9796093260763989687941108390 talk.politics.mideast 0.01081169304850024635522843233 talk.politics.misc 0.009578980875100784850660728501
array:40 talk.politics.guns talk.politics.guns 0.9582074036898767942773045056 talk.politics.misc 0.04096471681082177003452819923 talk.politics.mideast 0.0008278794993014356881672950687
array:41 talk.politics.guns talk.politics.guns 0.7310883367089763082719168759 talk.politics.misc 0.2537981355764611093780252701 talk.politics.mideast 0.01511352771456258235005785397
array:42 talk.politics.guns talk.politics.guns 0.9998927051269944860554369430 talk.politics.misc 0.00007866228590801517597415897721 talk.politics.mideast 0.00002863258709749876858889799594
array:43 talk.politics.guns talk.politics.guns 0.9829648279148643698524302564 talk.politics.misc 0.01701888702794196653748895688 talk.politics.mideast 0.00001628505719366361008078680455
array:44 talk.politics.guns talk.politics.misc 0.4509662701139440285544492082 talk.politics.guns 0.4216060659505235151874168881 talk.politics.mideast 0.1274276639355324562581339036
array:45 talk.politics.guns talk.politics.guns 0.8380266555659808345706949053 talk.politics.misc 0.08771430974186851768224506283 talk.politics.mideast 0.07425903469215064774706003177
array:46 talk.politics.guns talk.politics.guns 0.9241235402409932873967488369 talk.politics.misc 0.06617106390325828308143630178 talk.politics.mideast 0.009705395855748429521814861381
array:47 talk.politics.guns talk.politics.guns 0.9997817510637336894106200944 talk.politics.misc 0.0002076396985887069243682572168 talk.politics.mideast 0.00001060923767760366501164831952
array:48 talk.politics.guns talk.politics.mideast 0.3669360593277031792074293051 talk.politics.misc 0.3589474388496785016179958063 talk.politics.guns 0.2741165018226183191745748887
array:49 talk.politics.guns talk.politics.guns 0.9998807804366355826305537616 talk.politics.misc 0.0001189769619243727186095229435 talk.politics.mideast 2.426014400446508367155908968E-7
array:50 talk.politics.guns talk.politics.misc 0.8513561154753100512553356778 talk.politics.guns 0.08630339887212395711613812798 talk.politics.mideast 0.06234048565256599162852619432
array:51 talk.politics.guns talk.politics.misc 0.8513561154753100512553356778 talk.politics.guns 0.08630339887212395711613812798 talk.politics.mideast 0.06234048565256599162852619432
array:52 talk.politics.guns talk.politics.misc 0.8513561154753100512553356778 talk.politics.guns 0.08630339887212395711613812798 talk.politics.mideast 0.06234048565256599162852619432
array:53 talk.politics.guns talk.politics.misc 0.8513561154753100512553356778 talk.politics.guns 0.08630339887212395711613812798 talk.politics.mideast 0.06234048565256599162852619432
array:54 talk.politics.guns talk.politics.guns 0.9038616837081541537558368363 talk.politics.mideast 0.08043463379127125857280206009 talk.politics.misc 0.01570368250057458767136110364
array:55 talk.politics.guns talk.politics.misc 0.8513561154753100512553356778 talk.politics.guns 0.08630339887212395711613812798 talk.politics.mideast 0.06234048565256599162852619432
array:56 talk.politics.guns talk.politics.guns 0.9993454820830071095390341726 talk.politics.misc 0.0006438319185254490185123150654 talk.politics.mideast 0.00001068599846744144245351230872
array:57 talk.politics.guns talk.politics.guns 0.9996514358402151648556459281 talk.politics.misc 0.0003466717862676445338910570158 talk.politics.mideast 0.000001892373517190610463014574424
array:58 talk.politics.guns talk.politics.guns 0.6848167596669969110402839315 talk.politics.misc 0.3080627640113389162269078466 talk.politics.mideast 0.007120476321664172732808221881
array:59 talk.politics.guns talk.politics.guns 0.8671062935271942893620587973 talk.politics.mideast 0.08647047526917198859675574585 talk.politics.misc 0.04642323120363372204118545679
array:60 talk.politics.guns talk.politics.misc 0.6561851819847521081270362498 talk.politics.guns 0.3359732872736883348053481036 talk.politics.mideast 0.007841530741559557067615646594
array:61 talk.politics.guns talk.politics.guns 0.9947791352467612241730102582 talk.politics.misc 0.004793429157181307947035489508 talk.politics.mideast 0.0004274355960574678799542522803
array:62 talk.politics.guns talk.politics.guns 0.6846029433911270233568220831 talk.politics.misc 0.2210180551939741710882267138 talk.politics.mideast 0.09437900141489880555495120306
array:63 talk.politics.guns talk.politics.guns 0.9994607732600427726642569532 talk.politics.misc 0.0003953858640894897616283755979 talk.politics.mideast 0.0001438408758677375741146711678
array:64 talk.politics.guns talk.politics.guns 0.8206532750386410404280391632 talk.politics.misc 0.1793352943726062467709996446 talk.politics.mideast 0.00001143058875271280096119218587
array:65 talk.politics.guns talk.politics.guns 0.8481525192001812142208358957 talk.politics.mideast 0.1203319042290532243801465158 talk.politics.misc 0.03151557657076556139901758850
array:66 talk.politics.guns talk.politics.guns 0.9996487859111022565055445658 talk.politics.misc 0.0003475723557485938263767627404 talk.politics.mideast 0.000003641733149149668078671445247
array:67 talk.politics.guns talk.politics.misc 0.5394839160274710735364617531 talk.politics.guns 0.3552223609882937398811928914 talk.politics.mideast 0.1052937229842351865823453555
array:68 talk.politics.guns talk.politics.misc 0.6741672114362862344677962699 talk.politics.guns 0.3082118412948925085704141468 talk.politics.mideast 0.01762094726882125696178958333
array:69 talk.politics.guns talk.politics.guns 0.7266389882893437660959275280 talk.politics.misc 0.2604168059611051076219252107 talk.politics.mideast 0.01294420574955112628214726132
array:70 talk.politics.guns talk.politics.guns 0.9927367875973023358973465365 talk.politics.misc 0.007213561458285898970127427189 talk.politics.mideast 0.00004965094441176513252603625816
array:71 talk.politics.guns talk.politics.guns 0.9820128468294483723612467523 talk.politics.misc 0.01445444019311253615526888706 talk.politics.mideast 0.003532712977439091483484360561
array:72 talk.politics.guns talk.politics.misc 0.8917201216829239288299634420 talk.politics.mideast 0.1003663848225904543870154191 talk.politics.guns 0.007913493494485616783021139536
array:73 talk.politics.guns talk.politics.guns 0.9613774135194724987630719465 talk.politics.mideast 0.03382916962936368411859568801 talk.politics.misc 0.004793416851163817118332365601
array:74 talk.politics.guns talk.politics.guns 0.9568230305588224211830055518 talk.politics.misc 0.02843130110276082676227101172 talk.politics.mideast 0.01474566833841675205472343631
array:75 talk.politics.guns talk.politics.misc 0.8340013803262481114796663398 talk.politics.guns 0.1621073387981667479796393939 talk.politics.mideast 0.003891280875585140540694266583
array:76 talk.politics.guns talk.politics.misc 0.5279475501587348421262541571 talk.politics.guns 0.3513631940007792496569429353 talk.politics.mideast 0.1206892558404859082168029077
array:77 talk.politics.guns talk.politics.guns 0.9863525183523063625382279476 talk.politics.mideast 0.01189582464359192592005189736 talk.politics.misc 0.001751657004101711541720155199
array:78 talk.politics.guns talk.politics.guns 0.9999363687505752337731374839 talk.politics.mideast 0.00005331553331471628901530832707 talk.politics.misc 0.00001031571611004993784720789946
array:79 talk.politics.guns talk.politics.guns 0.9946192833449444572350162261 talk.politics.misc 0.005347164920074908165890692118 talk.politics.mideast 0.00003355173498063459909308195601
array:80 talk.politics.guns talk.politics.guns 0.9942090593709434062189916053 talk.politics.misc 0.002966384384319639593924720393 talk.politics.mideast 0.002824556244736954187083674369
array:81 talk.politics.guns talk.politics.guns 0.9883934635586145868848608915 talk.politics.misc 0.01092347698168194604902358290 talk.politics.mideast 0.0006830594597034670661155256501
array:82 talk.politics.guns talk.politics.guns 0.9932217110560748691137123215 talk.politics.misc 0.005038891989892421835787813738 talk.politics.mideast 0.001739396954032709050499864890
array:83 talk.politics.guns talk.politics.guns 0.7308860401041960559845723762 talk.politics.misc 0.2520426487925434749774492644 talk.politics.mideast 0.01707131110326046903797835936
array:84 talk.politics.guns talk.politics.guns 0.9648866957207276512306533976 talk.politics.misc 0.03002184850583047885940761822 talk.politics.mideast 0.005091455773441869909938984324
array:85 talk.politics.guns talk.politics.guns 0.6318133412001213972387667626 talk.politics.misc 0.3648384662366108569716253562 talk.politics.mideast 0.003348192563267745789607881157
array:86 talk.politics.guns talk.politics.misc 0.9467331573244370384981986721 talk.politics.guns 0.04318408066592783308930373473 talk.politics.mideast 0.01008276200963512841249759293
array:87 talk.politics.guns talk.politics.guns 0.9972526446356308020025564106 talk.politics.mideast 0.001810748725914086179841565402 talk.politics.misc 0.0009366066384551118176020239926
array:88 talk.politics.guns talk.politics.guns 0.6918148302108412921836333622 talk.politics.mideast 0.2005801709784118733083414800 talk.politics.misc 0.1076049988107468345080251578
array:89 talk.politics.guns talk.politics.guns 0.9928974294972861951898146563 talk.politics.misc 0.005192344811557987740792905222 talk.politics.mideast 0.001910225691155817069392438590
array:90 talk.politics.guns talk.politics.misc 0.7973236807122637158570578518 talk.politics.mideast 0.1867544547978754996871502834 talk.politics.guns 0.01592186448986078445579186486
array:91 talk.politics.guns talk.politics.guns 0.4929949013938384882929851859 talk.politics.misc 0.4186889473872798591638428603 talk.politics.mideast 0.08831615121888165254317195375
array:92 talk.politics.guns talk.politics.misc 0.6366832199522578632702867828 talk.politics.guns 0.1983927186106580148700805560 talk.politics.mideast 0.1649240614370841218596326611
array:93 talk.politics.guns talk.politics.guns 0.9994021946400950121778427759 talk.politics.misc 0.0005958583635188857437895580650 talk.politics.mideast 0.000001946996386102078367666085137
array:94 talk.politics.guns talk.politics.guns 0.9591953972652579002447077587 talk.politics.misc 0.03956304197062054541570452381 talk.politics.mideast 0.001241560764121554339587717507
array:95 talk.politics.guns talk.politics.guns 0.9241680483689464652813777603 talk.politics.misc 0.06346239809248091546930137457 talk.politics.mideast 0.01236955353857261924932086468
array:96 talk.politics.guns talk.politics.guns 0.8942542892505269201614959030 talk.politics.misc 0.06840888725404459596122474457 talk.politics.mideast 0.03733682349542848387727935242
array:97 talk.politics.guns talk.politics.guns 0.8909082325311610663889053373 talk.politics.misc 0.08390398383392924191753818297 talk.politics.mideast 0.02518778363490969169355647977
array:98 talk.politics.guns talk.politics.guns 0.9939607336343260225876243851 talk.politics.misc 0.003303644211525361870577053654 talk.politics.mideast 0.002735622154148615541798561125
array:99 talk.politics.guns talk.politics.guns 0.8041538575886594416614520740 talk.politics.misc 0.1888488517569861619102339465 talk.politics.mideast 0.006997290654354396428313979512
array:100 talk.politics.mideast talk.politics.guns 0.5331419564340952482164931748 talk.politics.mideast 0.2824076032547985832313800612 talk.politics.misc 0.1844504403111061685521267641
array:101 talk.politics.mideast talk.politics.mideast 0.9070380236448616007216992354 talk.politics.misc 0.07105403235377071405996184771 talk.politics.guns 0.02190794400136768521833891688
array:102 talk.politics.mideast talk.politics.mideast 0.9997471883351142395313276083 talk.politics.misc 0.0002362591498089917980318810600 talk.politics.guns 0.00001655251507676867064051070397
array:103 talk.politics.mideast talk.politics.mideast 0.9999310554346844720924980942 talk.politics.misc 0.00005359359765649444047303391864 talk.politics.guns 0.00001535096765903346702887154228
array:104 talk.politics.mideast talk.politics.mideast 0.9979891324089637564023122492 talk.politics.guns 0.001733185584646904098086289067 talk.politics.misc 0.0002776820063893394996014615920
array:105 talk.politics.mideast talk.politics.mideast 0.5230482003944262451243533580 talk.politics.misc 0.4521263136964584806291482944 talk.politics.guns 0.02482548590911527424649834751
array:106 talk.politics.mideast talk.politics.mideast 0.9257156265666993491518207906 talk.politics.misc 0.05519310767172877988112621320 talk.politics.guns 0.01909126576157187096705299632
array:107 talk.politics.mideast talk.politics.mideast 0.9622458481712932634313115383 talk.politics.misc 0.03774219491969900588686167956 talk.politics.guns 0.00001195690900773068182678223648
array:108 talk.politics.mideast talk.politics.mideast 0.9987433663801022148732383619 talk.politics.misc 0.001125698929034560037941290531 talk.politics.guns 0.0001309346908632250888203478324
array:109 talk.politics.mideast talk.politics.mideast 0.9972458247449694841875841671 talk.politics.misc 0.002672992511810432501690580533 talk.politics.guns 0.00008118274322008331072525266143
array:110 talk.politics.mideast talk.politics.mideast 0.9997429315237741155867989606 talk.politics.misc 0.0002384394635555103227696943055 talk.politics.guns 0.00001862901267037409043134500050
array:111 talk.politics.mideast talk.politics.mideast 0.9989419819556888357504039770 talk.politics.guns 0.0005794388798102791530921246339 talk.politics.misc 0.0004785791645008850965038984693
array:112 talk.politics.mideast talk.politics.mideast 0.6237777444245480248777111305 talk.politics.misc 0.2061783308014226843492475252 talk.politics.guns 0.1700439247740292907730413442
array:113 talk.politics.mideast talk.politics.mideast 0.9263040695223995358481944564 talk.politics.misc 0.05241418633810950208969338876 talk.politics.guns 0.02128174413949096206211215479
array:114 talk.politics.mideast talk.politics.mideast 0.9959089353411474623495551029 talk.politics.misc 0.003122084720560325530712104038 talk.politics.guns 0.0009689799382922121197327929810
array:115 talk.politics.mideast talk.politics.mideast 0.9993331901758076607761649499 talk.politics.misc 0.0006052063113345313272240039833 talk.politics.guns 0.00006160351285780789661104607750
array:116 talk.politics.mideast talk.politics.mideast 0.9617630852026369990193899110 talk.politics.misc 0.02396927441069648558927908202 talk.politics.guns 0.01426764038666651539133100699
array:117 talk.politics.mideast talk.politics.misc 0.5037494099770788630482782490 talk.politics.guns 0.3030291314000059582566305998 talk.politics.mideast 0.1932214586229151786950911511
array:118 talk.politics.mideast talk.politics.mideast 0.9999947032544996466423306657 talk.politics.misc 0.000005268687179247338649264029389 talk.politics.guns 2.805832110601902007009655036E-8
array:119 talk.politics.mideast talk.politics.mideast 0.9468202679762677642698757518 talk.politics.misc 0.05091445998402115666518374280 talk.politics.guns 0.002265272039711079064940505252
array:120 talk.politics.mideast talk.politics.mideast 0.9993282658550407688639715707 talk.politics.misc 0.0006597186450160217658864462798 talk.politics.guns 0.00001201549994320937014198304216
array:121 talk.politics.mideast talk.politics.misc 0.6825105303010857400178162027 talk.politics.mideast 0.2355880909776065407152630280 talk.politics.guns 0.08190137872130771926692076945
array:122 talk.politics.mideast talk.politics.mideast 0.9905250669839611072389044070 talk.politics.misc 0.008745956979400961056139909051 talk.politics.guns 0.0007289760366379317049556838606
array:123 talk.politics.mideast talk.politics.mideast 0.9973935503372034872236291584 talk.politics.misc 0.002344000042128975687279838131 talk.politics.guns 0.0002624496206675370890910033453
array:124 talk.politics.mideast talk.politics.mideast 0.9999924674763103245548098758 talk.politics.misc 0.000007527054218769526775157215112 talk.politics.guns 5.469470905918414967069822484E-9
array:125 talk.politics.mideast talk.politics.mideast 0.9992417222455937229895930659 talk.politics.guns 0.0005027416990002871887886485169 talk.politics.misc 0.0002555360554059898216182854254
array:126 talk.politics.mideast talk.politics.mideast 0.9999065217086826368632760579 talk.politics.misc 0.00009327014532900034487292040257 talk.politics.guns 2.081459883627918510218257663E-7
array:127 talk.politics.mideast talk.politics.mideast 0.9906643068928989484716978836 talk.politics.misc 0.009325218213116505864826872146 talk.politics.guns 0.00001047489398454566347524404118
array:128 talk.politics.mideast talk.politics.mideast 0.9999993299906968757031885210 talk.politics.misc 5.892940618357479306690966893E-7 talk.politics.guns 8.071524128854888081003135616E-8
array:129 talk.politics.mideast talk.politics.mideast 0.9856721896292066854329209104 talk.politics.misc 0.01281564796860407391074235990 talk.politics.guns 0.001512162402189240656336729812
array:130 talk.politics.mideast talk.politics.mideast 0.5596904939212888928456329602 talk.politics.guns 0.4159646323217089758727261623 talk.politics.misc 0.02434487375700213128164087755
array:131 talk.politics.mideast talk.politics.mideast 0.6331222187673237241128995196 talk.politics.misc 0.3655376982440987799973159785 talk.politics.guns 0.001340082988577495889784502128
array:132 talk.politics.mideast talk.politics.misc 0.7658157441735617860733312105 talk.politics.mideast 0.1901819068315325476226442760 talk.politics.guns 0.04400234899490566630402451359
array:133 talk.politics.mideast talk.politics.mideast 0.8440124613506651708610406548 talk.politics.guns 0.1106207445232854227724674039 talk.politics.misc 0.04536679412604940636649194125
array:134 talk.politics.mideast talk.politics.mideast 0.9988030595741139389286781961 talk.politics.misc 0.001165453793368981675507449811 talk.politics.guns 0.00003148663251707939581435412258
array:135 talk.politics.mideast talk.politics.mideast 0.8465626277711653310475920623 talk.politics.misc 0.1529564833445673207657149617 talk.politics.guns 0.0004808888842673481866929760936
array:136 talk.politics.mideast talk.politics.mideast 0.9999827989370085970876735049 talk.politics.misc 0.00001720009432639250124039177435 talk.politics.guns 9.686650104110861031721980194E-10
array:137 talk.politics.mideast talk.politics.mideast 0.9887402341757620418671289691 talk.politics.misc 0.005665092711002399666041092492 talk.politics.guns 0.005594673113235558466829938362
array:138 talk.politics.mideast talk.politics.mideast 0.9984061925628378308595651992 talk.politics.misc 0.001573492803491407658548148618 talk.politics.guns 0.00002031463367076148188665209067
array:139 talk.politics.mideast talk.politics.mideast 0.9934014945907122002764292991 talk.politics.misc 0.006595219158320403671922575283 talk.politics.guns 0.000003286250967396051648125557109
array:140 talk.politics.mideast talk.politics.mideast 0.9999456330465426129764104344 talk.politics.misc 0.00004912495751686963245839896414 talk.politics.guns 0.000005241995940517391131166897540
array:141 talk.politics.mideast talk.politics.mideast 0.9997198273228151269215173789 talk.politics.misc 0.0002783290483582014448278447960 talk.politics.guns 0.000001843628826671633654776282866
array:142 talk.politics.mideast talk.politics.mideast 0.9988042046165415191970049948 talk.politics.guns 0.001185846137403964573114033860 talk.politics.misc 0.000009949246054516229880971282201
array:143 talk.politics.mideast talk.politics.mideast 0.9999999048734265082100749685 talk.politics.misc 9.496341283760386728502231180E-8 talk.politics.guns 1.631606541860577465355634119E-10
array:144 talk.politics.mideast talk.politics.misc 0.9751001066230707323837695145 talk.politics.guns 0.01755113304515138685772413568 talk.politics.mideast 0.007348760331777880758506349470
array:145 talk.politics.mideast talk.politics.mideast 0.9998925835564284990182307173 talk.politics.misc 0.0001067955028922020306053112471 talk.politics.guns 6.209406792989511639713899610E-7
array:146 talk.politics.mideast talk.politics.mideast 0.9995245142422178599064241992 talk.politics.misc 0.0004688708972631321602197337088 talk.politics.guns 0.000006614860519007933356067033581
array:147 talk.politics.mideast talk.politics.mideast 0.9992267028341627661907988553 talk.politics.misc 0.0007162365497683709225225999861 talk.politics.guns 0.00005706061606886288667854480027
array:148 talk.politics.mideast talk.politics.mideast 0.9644130317898215070748298540 talk.politics.misc 0.03556480349965264303351971110 talk.politics.guns 0.00002216471052584989165043478514
array:149 talk.politics.mideast talk.politics.mideast 0.6367207022688923736310104952 talk.politics.misc 0.3232145926347773510054346552 talk.politics.guns 0.04006470509633027536355484963
array:150 talk.politics.mideast talk.politics.mideast 0.9997793680976746367933578992 talk.politics.misc 0.0001792214673772141163219882694 talk.politics.guns 0.00004141043494814909032011248768
array:151 talk.politics.mideast talk.politics.mideast 0.9410561294397663581269367842 talk.politics.misc 0.05610579631919455997919501866 talk.politics.guns 0.002838074241039081893868197235
array:152 talk.politics.mideast talk.politics.mideast 0.6595740047632997115141038931 talk.politics.misc 0.2487118326933958633108258710 talk.politics.guns 0.09171416254330442517507023606
array:153 talk.politics.mideast talk.politics.mideast 0.9992543463361873447819129171 talk.politics.misc 0.0004799510277751287912666757337 talk.politics.guns 0.0002657026360375264268204071050
array:154 talk.politics.mideast talk.politics.mideast 0.9997608122810470726965788587 talk.politics.misc 0.0002230879729680619927997865333 talk.politics.guns 0.00001609974598486531062135472281
array:155 talk.politics.mideast talk.politics.mideast 0.9999134664975904671183931166 talk.politics.misc 0.00008451738161886064697472169203 talk.politics.guns 0.000002016120790672234632161617753
array:156 talk.politics.mideast talk.politics.mideast 0.9910928042752136148189336775 talk.politics.misc 0.005310446179371239490727534428 talk.politics.guns 0.003596749545415145690338788086
array:157 talk.politics.mideast talk.politics.mideast 0.9999928272121600195772445222 talk.politics.guns 0.000003726849615030893707739374174 talk.politics.misc 0.000003445938224949529047738556883
array:158 talk.politics.mideast talk.politics.mideast 0.9999995207343538586232806321 talk.politics.misc 4.764941746529684950270006820E-7 talk.politics.guns 2.771471488408224340871021679E-9
array:159 talk.politics.mideast talk.politics.mideast 0.9997746450127524998464480815 talk.politics.guns 0.0001827509157632496057186547979 talk.politics.misc 0.00004260407148425054783326362968
array:160 talk.politics.mideast talk.politics.mideast 0.9977674834070325693889075289 talk.politics.misc 0.002231418667369531648151455669 talk.politics.guns 0.000001097925597898962941015389022
array:161 talk.politics.mideast talk.politics.mideast 0.9664206476068048408359473140 talk.politics.guns 0.02048601969932998038645367658 talk.politics.misc 0.01309333269386517877759900938
array:162 talk.politics.mideast talk.politics.mideast 0.9996996939482832063576254169 talk.politics.guns 0.0001781347209914373661479651899 talk.politics.misc 0.0001221713307253562762266179654
array:163 talk.politics.mideast talk.politics.mideast 0.9999929367953721042851746118 talk.politics.misc 0.000006802097037519975170252451825 talk.politics.guns 2.611075903757396551357832003E-7
array:164 talk.politics.mideast talk.politics.mideast 0.9995972773693716207182967901 talk.politics.misc 0.0004020624717872603876625976105 talk.politics.guns 6.601588411188940406123605447E-7
array:165 talk.politics.mideast talk.politics.mideast 0.9996376710533921593809290930 talk.politics.misc 0.0003152443165227201600869145185 talk.politics.guns 0.00004708463008512045898399243739
array:166 talk.politics.mideast talk.politics.mideast 0.9998488097749066558685559593 talk.politics.misc 0.0001469144109709629189884793860 talk.politics.guns 0.000004275814122381212455560979352
array:167 talk.politics.mideast talk.politics.mideast 0.9792741008737711901892117339 talk.politics.misc 0.02061138390767509344801775426 talk.politics.guns 0.0001145152185537163627705119191
array:168 talk.politics.mideast talk.politics.mideast 0.9930351893450923369017413868 talk.politics.misc 0.006523307520337494516801460443 talk.politics.guns 0.0004415031345701685814571527132
array:169 talk.politics.mideast talk.politics.mideast 0.9997507184506051408383510071 talk.politics.misc 0.0002483407412920973557166913402 talk.politics.guns 9.408081027618059323015715078E-7
array:170 talk.politics.mideast talk.politics.mideast 0.9999642874689454334406731231 talk.politics.misc 0.00003550371271909751093919679690 talk.politics.guns 2.088183354690483876801586901E-7
array:171 talk.politics.mideast talk.politics.mideast 0.9986956712556540119995984766 talk.politics.misc 0.0007279192416189095162702924386 talk.politics.guns 0.0005764095027270784841312313792
array:172 talk.politics.mideast talk.politics.mideast 0.9637916852590319672040799528 talk.politics.misc 0.02622246720282222309160717339 talk.politics.guns 0.009985847538145809704312873766
array:173 talk.politics.mideast talk.politics.mideast 0.9999837293053174813721121939 talk.politics.misc 0.00001423868856802139742555013168 talk.politics.guns 0.000002032006114497230462255898352
array:174 talk.politics.mideast talk.politics.mideast 0.9742617354648677546702107285 talk.politics.misc 0.02385087505968360225272367490 talk.politics.guns 0.001887389475448643077065596553
array:175 talk.politics.mideast talk.politics.mideast 0.9971238497153785490780043031 talk.politics.misc 0.001459727275514938748372704778 talk.politics.guns 0.001416423009106512173622992151
array:176 talk.politics.mideast talk.politics.mideast 0.9885047591195849864673014444 talk.politics.guns 0.01072292663459285172012046540 talk.politics.misc 0.0007723142458221618125780902328
array:177 talk.politics.mideast talk.politics.mideast 0.9974957117261585152614699665 talk.politics.misc 0.002483865190274543385222166475 talk.politics.guns 0.00002042308356694135330786704363
array:178 talk.politics.mideast talk.politics.mideast 0.9891109603808892903196668688 talk.politics.misc 0.01083804953182947505139328810 talk.politics.guns 0.00005099008728123462893984331437
array:179 talk.politics.mideast talk.politics.mideast 0.9994541725050516515625775768 talk.politics.misc 0.0004931766206155498690297499027 talk.politics.guns 0.00005265087433279856839267314230
array:180 talk.politics.mideast talk.politics.mideast 0.9723121736957662721866126510 talk.politics.misc 0.02678854647575937198322444977 talk.politics.guns 0.0008992798284743558301628992430
array:181 talk.politics.mideast talk.politics.mideast 0.9424768719202968828921054179 talk.politics.misc 0.03508644574177121258007257851 talk.politics.guns 0.02243668233793190452782200348
array:182 talk.politics.mideast talk.politics.mideast 0.9962971249436683902234689202 talk.politics.misc 0.003669717391157689544139567622 talk.politics.guns 0.00003315766517392023239151242339
array:183 talk.politics.mideast talk.politics.mideast 0.9998743436596314304942048486 talk.politics.misc 0.0001240346808712953139112083005 talk.politics.guns 0.000001621659497274191883943091428
array:184 talk.politics.mideast talk.politics.mideast 0.9999965535782205365609443247 talk.politics.misc 0.000003442515791458308145656814292 talk.politics.guns 3.905988005130910018479299171E-9
array:185 talk.politics.mideast talk.politics.mideast 0.9946595895611572675351798851 talk.politics.misc 0.005339053183336898578289538258 talk.politics.guns 0.000001357255505833886530576751804
array:186 talk.politics.mideast talk.politics.mideast 0.9664730287148896623367655243 talk.politics.misc 0.03352643171908687999960924923 talk.politics.guns 5.395660234576636252265644794E-7
array:187 talk.politics.mideast talk.politics.mideast 0.9972791195876935480981045030 talk.politics.misc 0.002719751504233766143621765266 talk.politics.guns 0.000001128908072685758273731758061
array:188 talk.politics.mideast talk.politics.mideast 0.9621005722706591226517735554 talk.politics.misc 0.02009984288277349537512038817 talk.politics.guns 0.01779958484656738197310605635
array:189 talk.politics.mideast talk.politics.guns 0.7355425377938904733976491494 talk.politics.mideast 0.1913980276005808232204208586 talk.politics.misc 0.07305943460552870338192999199
array:190 talk.politics.mideast talk.politics.mideast 0.9505420573204267673930893508 talk.politics.misc 0.03120728310805878901512721931 talk.politics.guns 0.01825065957151444359178342998
array:191 talk.politics.mideast talk.politics.guns 0.5033813641382706133588511844 talk.politics.mideast 0.4084400319561380762610383079 talk.politics.misc 0.08817860390559131038011050781
array:192 talk.politics.mideast talk.politics.mideast 0.9984585871375577422399377667 talk.politics.misc 0.001535202930226932972734099680 talk.politics.guns 0.000006209932215324787328133465674
array:193 talk.politics.mideast talk.politics.mideast 0.9458347355214752101179527058 talk.politics.guns 0.04508549984606118732202591357 talk.politics.misc 0.009079764632463602560021380550
array:194 talk.politics.mideast talk.politics.mideast 0.9754531645696886096800361852 talk.politics.guns 0.01649253645430806080006911016 talk.politics.misc 0.008054298976003329519894704810
array:195 talk.politics.mideast talk.politics.mideast 0.9484411100659439001435634832 talk.politics.misc 0.04188831032573564281754589490 talk.politics.guns 0.009670579608320457038890621643
array:196 talk.politics.mideast talk.politics.mideast 0.6705141809403988104917947752 talk.politics.misc 0.2116038656380573536099571213 talk.politics.guns 0.1178819534215438358982481035
array:197 talk.politics.mideast talk.politics.mideast 0.6770598956889085450180641875 talk.politics.misc 0.3107591482085346743416035751 talk.politics.guns 0.01218095610255678064033223738
array:198 talk.politics.mideast talk.politics.mideast 0.6916950368322058395170318168 talk.politics.misc 0.2588417673222825422028122402 talk.politics.guns 0.04946319584551161828015594302
array:199 talk.politics.mideast talk.politics.mideast 0.9366826487490891163128847925 talk.politics.misc 0.06324060873291931619934243417 talk.politics.guns 0.00007674251799156748777277330506
array:200 talk.politics.misc talk.politics.guns 0.9960213933151067746878295471 talk.politics.mideast 0.003871419877674293842895454643 talk.politics.misc 0.0001071868072189314692749984789
array:201 talk.politics.misc talk.politics.misc 0.9997043556197954195626076020 talk.politics.mideast 0.0002829820442435154057108053314 talk.politics.guns 0.00001266233596106503168159260993
array:202 talk.politics.misc talk.politics.misc 0.9989438204704507265097549972 talk.politics.guns 0.0007294101552966823851464719760 talk.politics.mideast 0.0003267693742525911050985308774
array:203 talk.politics.misc talk.politics.misc 0.9957899538232364020580690456 talk.politics.mideast 0.003330140713148225782004492315 talk.politics.guns 0.0008799054636153721599264620625
array:204 talk.politics.misc talk.politics.misc 0.9729144009694705460949938919 talk.politics.guns 0.02414566892248736106848341071 talk.politics.mideast 0.002939930108042092836522697166
array:205 talk.politics.misc talk.politics.misc 0.9967603715190515703341548453 talk.politics.guns 0.002168778088827211811932419115 talk.politics.mideast 0.001070850392121217853912735526
array:206 talk.politics.misc talk.politics.misc 0.9451803810193483677735943973 talk.politics.mideast 0.03994381162271611136299065815 talk.politics.guns 0.01487580735793552086341494500
array:207 talk.politics.misc talk.politics.misc 0.9951083287026676441283005923 talk.politics.guns 0.003507749435859858268550151118 talk.politics.mideast 0.001383921861472497603149256519
array:208 talk.politics.misc talk.politics.guns 0.8215637276313748296886805657 talk.politics.misc 0.1313608813424257930923397713 talk.politics.mideast 0.04707539102619937721897966306
array:209 talk.politics.misc talk.politics.misc 0.9544685837720556424005566475 talk.politics.mideast 0.04536538491041110641533926401 talk.politics.guns 0.0001660313175332511841040885760
array:210 talk.politics.misc talk.politics.misc 0.9974737980632414229713260778 talk.politics.mideast 0.002064330565479206068304418894 talk.politics.guns 0.0004618713712793709603695027866
array:211 talk.politics.misc talk.politics.misc 0.6474116282254379408958143479 talk.politics.guns 0.3133964416880544620824324347 talk.politics.mideast 0.03919193008650759702175321744
array:212 talk.politics.misc talk.politics.misc 0.9942435393438758888520089224 talk.politics.guns 0.005756428048302231683774805909 talk.politics.mideast 3.260782187946421627149954274E-8
array:213 talk.politics.misc talk.politics.misc 0.7346667023265781211977360484 talk.politics.guns 0.2652402404847019419314098561 talk.politics.mideast 0.00009305718871993687085409560171
